0.035450126736239894
0.07064799317369468
0.10559704466756277
0.1403006542591729
0.17476212485437498
0.20898469138075665
0.24297152292445093
0.2767257248472862
0.31025034088501074
0.3435483552273075
0.3766226945803011
0.40947623021224083
0.44211177998302864
0.47453211035824683
0.506739938408325
0.5387379337934699
0.5705287207349697
0.6021148799734697
0.6334989507147996
0.6646834325639269
0.6956707874475876
0.7264634415261411
0.7570637870951776
0.7874741844774003
0.8176969639052827
0.8477344273950026
0.8775888506121285
0.9072624847295344
0.936757558278001
0.9660762789899522
0.9952208356367658
1.0241933998600838
1.052996127997543
1.0816311629033268
1.1101006357639436
1.1384066679096068
1.1665513726216055
1.1945368569360262
1.2223652234441855
1.2500385720901235
1.2775590019654972
1.3049286131022093
1.3321495082630865
1.3592237947309298
1.3861535860962406
1.412941004043918
1.439588180139216
1.4660972576132507
1.49247039314832
1.5187097586633116
1.5448175430994513
1.570795954206652
1.5966472203306954
1.622373592201498
1.6479773447226813
1.6734607787626767
1.6988262229475755
1.7240760354559446
1.749212605815801
1.774238356703954
1.799155745747897
1.8239672673304448
1.8486754543972839
1.8732828802676273
1.8977921604481258
1.92220595445021
1.9465269676110122
1.970757952918033
1.9949017128376831
2.0189611011478608
2.0429390247746864
2.0668384456335374
2.0906623824745076
2.114413912732414
2.138096174381466
2.1617123677947245
2.1852657576084407
2.208759674591403
2.232197517519376
2.255582755054736
2.278918927631404
2.3022096493451554
2.325458609849399
2.348669576256511
2.371846395044801
2.394992993971183
2.418113383989636
2.4412116611755157
2.464292008655788
2.4873586985452487
2.510416093888794
2.5334686506098016
2.5565209194646714
2.579577548003596
2.6026432825376005
2.625722970111907
2.648821560485676
2.6719441081181614
2.695095774161342